79
81
81
82
86
87
88
89
89
90
90
93
94
94
97
97
99
99
101
104
107
110
111
111
111
112
113
117
119
123
124
125
128
131
132
136
136
140
140
143
144
146
146
147
149
153
157
159
162
163
163
163
164
166
167
167
170
171
175
177
179
182
182
183
183
185
187
191
193
196
200
201
202
202
205
206
208
210
213
213
213
216
219
221
225
228
228
232
232
232
236
238
238
241
243
243
243
246
247
247
251
251
253
257
260
261
263
263
267
269
271
272
274
277
279
283
283
287
289
291
292
296
300
302
306
307
307
309
310
312
316
320
323
324
324
327
331
335
336
337
337
339
342
343
344
346
346
347
347
351
355
359
360
362
366
370
373
377
381
385
389
393
396
400
403
403
403
404
408
412
416
420
422
424
427
431
435
435
439
441
441
441
444
448
448
450
451
451
453
454
456
459
461
462
462
463
464
467
470
470
470
473
474
475
479
480
484
484
487
487
488
489
491
493
493
494
496
497
499
501
505
508
508
509
510
513
516
516
516
517
519
520
520
524
524
526
529
533
536
538
538
540
544
546
548
551
553
555
559
559
561
563
563
565
567
567
568
568
568
570
571
573
577
580
582
584
586
586
589
592
594
594
596
598
600
600
603
606
610
613
616
618
620
622
624
624
628
631
634
635
638
640
640
643
646
649
651
655
657
658
661
665
665
666
668
668
672
676
677
679
682
685
687
687
690
691
693
693
696
699
702
703
706
708
710
712
712
713
714
714
718
722
724
725
729
731
731
731
731
732
735
739
739
739
740
741
742
743
747
751
752
752
752
753
756
760
763
765
766
768
770
771
771
772
772
772
772
776
778
781
781
783
785
787
790
791
794
797
797
798
800
801
803
804
807
810
810
812
813
814
815
815
817
820
823
824
824
827
828
830
831
834
838
839
839
842
846
849
849
851
851
853
854
855
855
857
860
862
865
869
873
877
878
880
883
883
885
886
886
890
890
891
895
898
901
902
905
909
911
913
916
916
918
920
920
921
924
925
926
930
932
935
938
942
943
947
951
952
955
957
961
961
964
966
966
966
968
971
975
979
983
983
984
988
988
992
992
995
999
1002
1005
1007
1009
1011
1014
1014
1018
1022
1023
1027
1028
1029
1033
1035
1037
1040
1043
1044
1044
1046
1047
1049
1050
1050
1054
1058
1060
1061
1061
1064
1066
1068
1068
1071
1075
1077
1081
1082
1084
1084
1085
1085
1086
1089
1090
1094
1094
1094
1095
1096
1100
1104
1104
1105
1106
1109
1110
1114
1115
1117
1119
1122
1126
1128
1128
1132
1132
1136
1139
1141
1143
1143
1145
1145
1145
1145
1149
1149
1153
1154
1156
1159
1163
1163
1163
1166
1166
1167
1167
1168
1170
1170
1172
1174
1175
1176
1176
1178
1180
1182
1185
1185
1187
1190
1192
1192
1194
1198
1198
1199
1199
1200
1201
1203
1207
1207
1208
1210
1213
1216
1218
1221
1222
1224
1227
1228
1229
1232
1232
1232
1233
1234
1235
1236
1236
1236
1238
1242
1245
1246
1246
1249
1250
1254
1257
1258
1260
1262
1262
1263
1266
1268
1272
1273
1275
1279
1279
1282
1285
1289
1293
1294
1294
1297
1298
1298
1299
1301
1303
1304
1306
1310
1314
1317
1321
1323
1326
1326
1330
1334
1336
1340
1343
1347
1351
1354
1358
1362
1365
1366
1369
1373
1373
1377
1379
1381
1384
1386
1389
1389
1390
1391
1392
1394
1396
1398
1402
1405
1409
1410
1411
1411
1415
1415
1416
1417
1418
1418
1418
1421
1422
1425
1425
1425
1425
1426
1427
1431
1431
1435
1435
1439
1441
1442
1443
1447
1451
1454
1456
1457
1461
1464
1467
1469
1472
1475
1476
1478
1479
1481
1481
1482
1484
1486
1489
1492
1493
1497
1498
1499
1499
1499
1501
1503
1504
1505
1505
1508
1511
1513
1513
1516
1518
1521
1524
1525
1525
1526
1530
1531
1534
1538
1538
1540
1543
1543
1544
1547
1547
1547
1549
1553
1555
1556
1560
1564
1568
1569
1569
1571
1575
1577
1578
1581
1581
1584
1588
1588
1589
1592
1593
1595
1597
1597
1597
1599
1603
1605
1609
1611
1615
1615
1615
1615
1618
1618
1618
1622
1623
1625
1626
1626
1628
1632
1633
1636
1638
1639
1643
1647
1649
1652
1656
1657
1657
1661
1664
1668
1671
1672
1676
1676
1679
1682
1685
1687
1688
1689
1692
1696
1699
1703
1703
1707
1708
1709
1711
1713
1714
1716
1716
1716
1716
1719
1720
1720
1723
1727
1728
1730
1733
1734
1736
1737
1739
1742
1743
1745
1748
1751
1752
1752
1754
1758
1761
1763
1767
1771
1772
1774
1776
1778
1778
1781
1781
1782
1783
1784
1785
1786
1790
1791
1793
1793
1796
1798
1799
1799
1801
1805
1805
1806
1807
1809
1811
1812
1816
1816
1816
1819
1820
1820
1820
1820
1823
1827
1831
1833
1833
1833
1833
1833
1833
1836
1836
1836
1837
1839
1842
1842
1844
1848
1849
1850
1852
1852
1854
1856
1856
1856
1859
1861
1865
1867
1869
1870
1872
1875
1879
1883
1885
1886
1888
1892
1895
1896
1900
1900
1900
1901
1902
1905
1905
1905
1905
1909
1913
1913
1917
1920
1922
1926
1930
1932
1933
1937
1941
1944
1946
1949
1952
1952
1953
1954
1956
1956
1960
1963
1964
1968
1968
1971
1974
1977
1979
1983
1984
1988
1992
1994
1995
1995
1996
2000
2001
2001
2004
2006
2009
2013
2016
2017
2020
2023
2026
2028
2028
2030
2032
2033
2036
2039
2040
2044
2044
2048
2048
2050
2050
2052
2054
2056
2056
2057
2058
2058
2058
2062
2065
2069
2069
2073
2076
2076
2080
2080
2080
2083
2083
2084
2087
2087
2087
2088
2089
2093
2096
2100
2103
2107
2108
2111
2112
2116
2120
2121
2125
2126
2129
2132
2132
2135
2139
2142
2143
2144
2145
2147
2151
2151
2154
2154
2155
2157
2161
2163
2163
2165
2168
2170
2174
2174
2174
2178
2178
2178
2179
2182
2182
2182
2184
2186
2189
2193
2195
2199
2202
2202
2203
2205
2209
2211
2212
2215
2215
2215
2216
2216
2218
2221
2224
2224
2227
2227
2228
2229
2232
2235
2235
2238
2238
2238
2241
2241
2243
2245
2248
2251
2255
2258
2260
2262
2262
2262
2265
2265
2268
2270
2274
2274
2274
2275
2279
2279
2281
2284
2288
2289
2290
2292
2294
2295
2297
2300
2303
2306
2308
2308
2309
2311
2311
2314
2317
2317
2321
2325
2328
2329
2333
2337
2340
2341
2344
2348
2351
2352
2352
2355
2356
2356
2356
2359
2360
2361
2363
2364
2364
2368
2372
2376
2379
2380
2382
2382
2382
2385
2387
2388
2391
2392
2392
2396
2396
2397
2400
2400
2403
2407
2407
2410
2410
2412
2414
2418
2422
2426
2430
2434
2434
2436
2436
2438
2441
2443
2445
2449
2451
2452
2455
2455
2455
2457
2460
2464
2467
2468
2471
2474
2477
2477
2478
2480
2484
2488
2490
2490
2494
2495
2499
2500
2503
2504
2505
2508
2509
2511
2514
2517
2519
2520
2521
2522
2526
2530
2531
2534
2538
2538
2542
2544
2544
2544
2547
2548
2552
2553
2557
2559
2560
2561
2562
2563
2566
2567
2568
2569
2570
2573
2576
2576
2580
2580
2580
2580
2582
2583
2587
2590
2590
2591
2593
2594
2598
2601
2604
2607
2611
2613
2616
2619
2621
2622
2624
2625
2625
2627
2628
2628
2628
2629
2631
2635
2635
2638
2641
2645
2646
2649
2652
2655
2655
2657
2657
2659
2661
2664
2667
2668
2670
2674
2674
2675
2676
2680
2680
2683
2686
2686
2687
2688
2688
2688
2692
2695
2695
2698
2698
2700
2700
2704
2706
2709
2711
2715
2716
2716
2718
2719
2720
2720
2720
2723
2725
2727
2731
2733
2736
2738
2741
2743
2744
2747
2747
2747
2749
2750
2751
2752
2753
2756
2760
2761
2765
2766
2766
2766
2769
2771
2775
2777
2778
2782
2784
2784
2788
2792
2795
2797
2800
2804
2804
2804
2808
2810
2810
2810
2811
2815
2815
2817
2817
2820
2821
2824
2827
2828
2832
2835
2837
2838
2839
2839
2840
2844
2847
2851
2853
2853
2854
2854
2857
2861
2862
2864
2865
2867
2869
2871
2872
2873
2876
2876
2879
2881
2884
2885
2886
2886
2889
2890
2891
2894
2895
2897
2898
2899
2901
2902
2906
2910
2912
2915
2915
2918
2919
2921
2924
2928
2932
2932
2934
2936
2939
2943
2943
2947
2948
2950
2953
2953
2955
2958
2960
2963
2966
2969
2970
2970
2971
2972
2973
2977
2977
2978
2980
2983
2983
2983
2984
2985
2985
2988
2992
2992
2992
2992
2994
2997
2999
3000
3003
3004
3005
3009
3009
3011
3015
3017
3020
3020
3022
3026
3030
3030
3033
3035
3039
3041
3045
3046
3050
3051
3053
3056
3060
3061
3065
3069
3069
3072
3072
3076
3079
3082
3086
3086
3086
3086
3089
3090
3094
3095
3099
3102
3103
3106
3110
3113
3115
3119
3120
3122
3123
3123
3125
3125
3126
3128
3132
3136
3137
3140
3140
3142
3142
3143
3147
3151
3154
3156
3160
3161
3163
3166
3166
3169
3173
3177
3179
3182
3185
3185
3188
3188
3190
3194
3197
3200
3201
3204
3205
3208
3208
3208
3210
3213
3216
3218
3218
3222
3225
3229
3231
3234
3235
3237
3238
3242
3244
3245
3246
3246
3248
3249
3252
3252
3253
3257
3257
3260
3260
3262
3263
3265
3268
3270
3274
3274
3276
3280
3283
3287
3289
3289
3293
3293
3296
3300
3304
3304
3304
3308
3312
3316
3318
3319
3321
3325
3327
3328
3332
3333
3335
3338
3340
3343
3347
3349
3352
3355
3355
3357
3357
3357
3357
3359
3360
3361
3362
3362
3362
3363
3367
3367
3371
3375
3378
3379
3382
3385
3388
3391
3395
3395
3397
3398
3401
3401
3401
3403
3406
3410
3411
3414
3415
3419
3419
3420
3423
3424
3427
3430
3433
3433
3433
3433
3437
3438
3442
3446
3449
3453
3455
3459
3462
3464
3465
3469
3472
3476
3478
3480
3482
3483
3485
3485
3485
3485
3489
3493
3495
3495
3499
3499
3503
3506
3506
3510
3511
3512
3514
3516
3516
3516
3520
3521
3523
3524
3524
3526
3529
3532
3533
3534
3536
3539
3539
3539
3541
3545
3546
3547
3551
3555
3559
3562
3564
3565
3568
3568
3570
3573
3574
3577
3577
3581
3585
3586
3587
3589
3592
3592
3596
3598
3602
3605
3609
3613
3613
3613
3615
3616
3616
3619
3623
3627
3627
3631
3633
3635
3635
3638
3641
3644
3648
3652
3655
3655
3655
3655
3656
3660
3663
3667
3671
3674
3676
3677
3677
3681
3683
3684
3684
3684
3687
3689
3693
3693
3694
3698
3701
3704
3704
3704
3707
3710
3710
3714
3716
3716
3716
3717
3721
3725
3726
3728
3732
3736
3736
3740
3744
3747
3748
3751
3752
3753
3755
3758
3759
3762
3765
3766
3767
3768
3769
3773
3777
3779
3783
3786
3788
3790
3791
3793
3795
3797
3800
3801
3801
3804
3808
3812
3814
3814
3817
3818
3819
3821
3825
3828
3832
3834
3837
3838
3839
3840
3843
3846
3847
3849
3849
3849
3851
3855
3859
3859
3859
3862
3862
3863
3866
3870
3872
3874
3878
3882
3884
3887
3890
3892
3893
3896
3896
3900
3904
3905
3905
3906
3909
3913
3916
3919
3922
3923
3925
3925
3925
3929
3929
3930
3931
3931
3935
3939
3941
3944
3944
3944
3948
3952
3953
3953
3957
3958
3961
3965
3969
3973
3977
3979
3979
3979
3983
3986
3988
3992
3996
3997
4001
4003
4006
4008
4009
4011
4014
4015
4017
4020
4024
4024
4024
4028
4032
4032
4034
4038
4042
4043
4043
4045
4046
4046
4046
4049
4050
4054
4055
4058
4060
4062
4062
4064
4066
4070
4073
4075
4076
4077
4079
4083
4084
4085
4087
4089
4089
4090
4090
4090
4093
4097
4099
4099
4103
4106
4110
4114
4118
4122
4122
4125
4128
4132
4132
4135
4138
4142
4142
4146
4147
4149
4149
4150
4153
4155
4155
4155
4158
4161
4161
4164
4164
4164
4165
4166
4167
4170
4173
4174
4177
4181
4185
4186
4187
4191
4193
4196
4197
4199
4202
4204
4206
4206
4206
4210
4212
4215
4215
4217
4217
4221
4225
4225
4227
4227
4230
4234
4238
4238
4242
4242
4245
4246
4247
4251
4253
4256
4259
4261
4261
4261
4263
4263
4266
4266
4266
4266
4270
4272
4272
4273
4276
4276
4278
4278
4281
4282
4285
4286
4287
4289
4289
4291
4293
4297
4301
4302
4306
4307
4307
4311
4312
4315
4315
4316
4318
4319
4323
4326
4330
4332
4334
4335
4338
4338
4342
4344
4346
4346
4348
4352
4354
4357
4358
4362
4363
4367
4367
4368
4368
4370
4373
4373
4375
4379
4379
4381
4385
4386
4389
4391
4395
4395
4396
4397
4397
4400
4401
4403
4405
4406
4408
4409
4410
4411
4414
4417
4421
4422
4422
4426
4430
4431
4433
4435
4436
4436
4437
4439
4441
4441
4445
4449
4453
4454
4458
4462
4464
4466
4467
4470
4473
4476
4477
4480
4480
4483
4487
4490
4492
4494
4494
4496
4499
4502
4503
4506
4510
4513
4516
4520
4520
4522
4524
4526
4530
4532
4536
4537
4540
4544
4548
4552
4554
4557
4559
4562
4563
4566
4567
4568
4570
4572
4576
4578
4582
4584
4584
4584
4584
4585
4586
4587
4587
4590
4593
4593
4594
4598
4601
4604
4606
4609
4613
4617
4620
4623
4625
4625
4628
4628
4632
4635
4638
4638
4642
4642
4646
4646
4649
4649
4653
4657
4658
4661
4662
4663
4666
4668
4672
4676
4678
4681
4681
4685
4688
4690
4694
4695
4699
4699
4703
4705
4709
4713
4715
4719
4719
4721
4723
4727
4727
4727
4731
4735
4737
4739
4740
4744
4747
4748
4752
4753
4755
4755
4756
4757
4758
4759
4760
4764
4764
4765
4766
4770
4771
4772
4776
4777
4778
4779
4782
4786
4786
4788
4792
4796
4796
4799
4799
4799
4802
4802
4802
4804
4808
4811
4811
4812
4814
4816
4819
4823
4827
4830
4834
4838
4839
4841
4844
4848
4849
4851
4853
4857
4861
4862
4864
4864
4864
4865
4865
4868
4869
4871
4875
4876
4880
4880
4880
4883
4883
4885
4888
4888
4889
4890
4894
4895
4895
4898
4898
4899
4899
4903
4904
4904
4907
4908
4911
4915
4918
4920
4924
4927
4929
4933
4935
4939
4942
4944
4944
4945
4948
4950
4950
4950
4953
4957
4961
4961
4962
4964
4968
4972
4973
4974
4974
4977
4980
4980
4983
4984
4985
4988
4988
4989
4991
4991
4992
4995
4997
4997
4998
4999
5000
5000
5001
5003
5005
5007
5008
5010
5012
5014
5016
5018
5021
5023
5024
5028
5030
5032
5033
5037
5040
5041
5041
5041
5044
5046
5046
5048
5048
5050
5051
5052
5055
5059
5059
5062
5063
5066
5067
5071
5071
5074
5074
5074
5078
5079
5079
5079
5080
5084
5088
5089
5089
5092
5092
5092
5095
5098
5099
5103
5106
5106
5106
5110
5113
5115
5115
5115
5119
5123
5125
5126
5127
5128
5132
5132
5134
5136
5138
5142
5143
5146
5148
5149
5149
5150
5152
5153
5153
5155
5159
5161
5163
5163
5164
5164
5166
5170
5173
5177
5181
5181
5183
5187
5191
5192
5192
5196
5200
5204
5208
5209
5211
5215
5217
5221
5223
5224
5224
5226
5228
5231
5232
5236
5240
5243
5244
5247
5251
5253
5257
5258
5261
5262
5263
5265
5265
5267
5267
5268
5271
5274
5275
5275
5275
5276
5278
5282
5284
5287
5291
5294
5296
5297
5301
5303
5307
5308
5311
5314
5318
5320
5324
5326
5326
5327
5328
5332
5335
5335
5339
5339
5340
5344
5347
5347
5350
5353
5355
5356
5360
5362
5366
5368
5372
5375
5377
5380
5383
5387
5390
5394
5394
5394
5395
5395
5395
5396
5400
5404
5407
5408
5411
5414
5416
5419
5420
5423
5425
5428
5429
5430
5431
5434
5436
5437
5437
5440
5441
5442
5443
5443
5443
5447
5447
5448
5450
5450
5453
5453
5454
5455
5457
5459
5462
5466
5466
5469
5469
5470
5470
5470
5472
5474
5475
5478
5479
5482
5484
5485
5486
5488
5490
5490
5493
5497
5500
5501
5503
5504
5505
5505
5507
5508
5511
5513
5515
5518
5521
5522
5524
5526
5530
5534
5534
5536
5536
5538
5539
5540
5542
5546
5548
5550
5553
5554
5554
5556
5557
5558
5562
5563
5565
5565
5566
5567
5567
5570
5570
5573
5574
5575
5577
5580
5580
5584
5584
5588
5592
5594
5594
5598
5600
5602
5605
5607
5609
5613
5613
5616
5617
5620
5620
5621
5623
5623
5627
5628
5628
5628
5628
5630
5634
5635
5636
5638
5640
5640
5643
5645
5645
5647
5651
5652
5656
5658
5659
5661
5665
5665
5669
5670
5672
5672
5676
5679
5683
5685
5685
5688
5690
5690
5691
5693
5693
5696
5700
5702
5704
5707
5707
5710
5714
5718
5718
5722
5725
5729
5729
5731
5732
5734
5734
5735
5737
5741
5745
5745
5747
5748
5749
5751
5751
5753
5753
5755
5759
5759
5763
5765
5765
5769
5773
5776
5777
5778
5780
5784
5784
5784
5784
5785
5786
5790
5792
5792
5795
5797
5798
5798
5801
5802
5803
5806
5806
5806
5809
5812
5812
5814
5818
5821
5821
5825
5825
5827
5830
5834
5837
5841
5842
5842
5844
5848
5848
5851
5854
5857
5860
5864
5864
5864
5868
5870
5871
5873
5875
5876
5876
5877
5880
5881
5885
5885
5888
5892
5896
5898
5901
5903
5904
5907
5907
5908
5911
5912
5915
5919
5922
5923
5927
5928
5930
5930
5930
5932
5934
5935
5935
5935
5935
5936
5937
5941
5943
5947
5949
5953
5955
5959
5960
5963
5965
5967
5969
5972
5974
5977
5978
5981
5981
5982
5985
5985
5989
5993
5995
5995
5996
6000
6001
6002
6002
6004
6008
6011
6014
6014
6018
6021
6021
6021
6022
6024
6028
6032
6033
6035
6037
6038
6039
6039
6041
6044
6046
6048
6051
6051
6054
6058
6062
6062
6062
6062
6062
6065
6068
6070
6070
6070
6070
6070
6074
6074
6076
6079
6083
6086
6086
6086
6087
6090
6091
6094
6096
6097
6100
6100
6104
6105
6107
6111
6112
6116
6116
6119
6120
6121
6122
6124
6126
6130
6131
6135
6139
6142
6144
6144
6147
6148
6151
6153
6153
6156
6157
6159
6159
6160
6163
6167
6170
6173
6175
6177
6177
6178
6179
6183
6187
6190
6192
6194
6198
6200
6203
6206
6207
6209
6210
6211
6213
6217
6217
6217
6217
6220
6222
6222
6225
6226
6226
6230
6233
6236
6236
6237
6239
6243
6245
6246
6249
6251
6253
6256
6260
6261
6262
6263
6264
6265
6267
6269
6269
6273
6274
6278
6281
6283
6285
6287
6288
6291
6293
6294
6295
6297
6300
6302
6302
6302
6305
6308
6310
6313
6314
6316
6317
6318
6318
6318
6321
6321
6325
6325
6327
6331
6333
6334
6335
6338
6341
6343
6344
6347
6349
6352
6353
6353
6357
6360
6364
6366
6368
6368
6368
6371
6371
6372
6376
6376
6379
6380
6384
6385
6386
6389
6393
6397
6400
6402
6402
6406
6406
6410
6410
6413
6413
6417
6418
6419
6421
6422
6425
6426
6428
6428
6430
6433
6436
6438
6438
6439
6442
6442
6444
6447
6448
6450
6451
6452
6456
6460
6460
6462
6466
6470
6471
6475
6478
6481
6482
6483
6484
6488
6489
6489
6490
6494
6497
6499
6503
6503
6506
6508
6510
6510
6514
6515
6515
6516
6519
6522
6526
6527
6531
6532
6535
6537
6541
6542
6545
6545
6547
6551
6551
6553
6553
6553
6554
6554
6557
6561
6561
6562
6564
6564
6565
6566
6569
6570
6574
6575
6575
6575
6579
6582
6586
6587
6590
6592
6595
6596
6597
6601
6601
6605
6608
6609
6609
6612
6614
6617
6620
6623
6625
6628
6630
6632
6635
6638
6638
6642
6643
6644
6644
6647
6648
6652
6655
6658
6662
6665
6665
6667
6671
6674
6675
6675
6676
6677
6678
6682
6685
6688
6689
6689
6690
6692
6696
6700
6702
6705
6708
6709
6712
6715
6718
6720
6723
6724
6725
6725
6725
6725
6726
6728
6731
6734
6737
6737
6738
6739
6742
6746
6749
6751
6754
6755
6756
6760
6764
6764
6768
6769
6772
6774
6775
6779
6783
6786
6788
6789
6789
6791
6793
6795
6798
6800
6804
6805
6807
6811
6811
6812
6815
6818
6818
6819
6823
6823
6823
6827
6828
6830
6833
6835
6838
6840
6844
6848
6848
6848
6851
6854
6856
6857
6861
6863
6865
6867
6871
6872
6876
6879
6883
6885
6889
6889
6890
6893
6894
6894
6894
6898
6901
6904
6906
6910
6913
6916
6920
6920
6924
6927
6931
6935
6935
6937
6938
6942
6944
6947
6950
6950
6951
6953
6957
6959
6962
6962
6964
6968
6969
6972
6973
6973
6976
6979
6982
6983
6984
6986
6989
6990
6994
6998
7001
7004
7004
7007
7009
7013
7015
7018
7022
7023
7023
7026
7030
7034
7035
7039
7042
7046
7048
7050
7052
7055
7055
7055
7058
7058
7059
7060
7063
7063
7063
7065
7069
7070
7073
7073
7077
7081
7081
7084
7084
7087
7090
7090
7091
7091
7092
7093
7094
7096
7096
7098
7100
7101
7103
7107
7108
7112
7113
7116
7116
7117
7117
7120
7121
7125
7125
7125
7126
7130
7130
7132
7133
7135
7135
7138
7142
7142
7145
7145
7147
7149
7153
7154
7155
7155
7155
7156
7158
7161
7162
7165
7169
7172
7175
7177
7181
7184
7187
7188
7190
7192
7193
7195
7199
7200
7203
7205
7206
7209
7213
7217
7217
7221
7222
7223
7225
7225
7225
7226
7230
7230
7232
7236
7240
7243
7247
7247
7250
7253
7256
7256
7257
7260
7263
7265
7268
7272
7275
7278
7282
7286
7287
7287
7290
7290
7292
7293
7293
7294
7297
7298
7300
7301
7304
7305
7308
7310
7311
7314
7315
7318
7319
7321
7323
7323
7326
7329
7331
7331
7331
7335
7339
7340
7342
7345
7349
7350
7353
7354
7357
7359
7362
7366
7367
7370
7371
7371
7374
7378
7382
7383
7387
7389
7392
7393
7393
7396
7396
7396
7399
7403
7403
7406
7409
7413
7417
7419
7421
7421
7425
7428
7428
7428
7428
7429
7433
7436
7437
7438
7442
7442
7443
7445
7445
7447
7450
7451
7453
7457
7461
7464
7467
7468
7471
7472
7475
7478
7480
7483
7487
7490
7491
7493
7495
7496
7499
7501
7505
7509
7510
7510
7510
7510
7512
7513
7515
7517
7519
7519
7519
7523
7524
7525
7525
7526
7529
7529
7531
7532
7535
7535
7539
7539
7539
7542
7544
7548
7550
7550
7553
7555
7557
7557
7557
7560
7563
7567
7569
7569
7572
7576
7578
7582
7584
7586
7587
7587
7591
7594
7594
7595
7596
7596
7598
7598
7601
7601
7602
7602
7602
7603
7605
7609
7609
7610
7611
7613
7615
7616
7618
7621
7625
7625
7627
7628
7632
7632
7632
7633
7637
7641
7642
7643
7643
7644
7646
7650
7650
7654
7654
7654
7657
7658
7659
7662
7663
7666
7667
7669
7670
7672
7674
7674
7676
7680
7682
7686
7688
7688
7692
7693
7695
7698
7700
7702
7702
7706
7707
7708
7712
7716
7717
7721
7723
7724
7724
7726
7726
7728
7731
7733
7735
7739
7742
7743
7746
7746
7748
7751
7753
7756
7756
7758
7759
7759
7761
7761
7765
7765
7768
7770
7771
7775
7775
7776
7779
7782
7786
7786
7787
7790
7794
7798
7802
7804
7805
7807
7810
7810
7814
7818
7819
7822
7826
7827
7829
7829
7832
7836
7837
7840
7840
7842
7844
7848
7848
7850
7852
7855
7859
7863
7866
7868
7871
7875
7877
7880
7882
7882
7882
7885
7886
7888
7892
7894
7895
7898
7901
7904
7908
7909
7910
7912
7916
7917
7919
7921
7923
7924
7925
7929
7929
7930
7934
7937
7941
7943
7945
7946
7949
7951
7952
7954
7958
7958
7960
7964
7965
7965
7967
7968
7972
7973
7975
7976
7980
7983
7987
7987
7989
7989
7991
7992
7992
7994
7995
7998
8002
8003
8003
8007
8009
8013
8014
8017
8017
8019
8021
8021
8025
8025
8025
8025
8028
8030
8032
8033
8037
8040
8041
8042
8044
8047
8047
8048
8050
8053
8055
8059
8061
8062
8062
8063
8066
8066
8069
8070
8070
8070
8074
8077
8081
8084
8087
8090
8091
8091
8093
8096
8098
8099
8102
8105
8109
8111
8113
8115
8118
8118
8119
8119
8119
8119
8121
8121
8124
8127
8128
8131
8132
8136
8139
8140
8140
8142
8146
8150
8151
8152
8153
8155
8155
8157
8160
8163
8165
8165
8167
8169
8171
8171
8175
8176
8178
8178
8180
8183
8183
8185
8187
8187
8187
8187
8191
8193
8194
8194
8198
8201
8201
8202
8203
8205
8205
8208
8211
8213
8213
8213
8217
8218
8221
8222
8225
8228
8230
8232
8232
8233
8237
8238
8238
8241
8241
8243
8246
8247
8251
8252
8252
8256
8257
8261
8263
8266
8269
8270
8273
8277
8279
8281
8285
8285
8287
8291
8295
8297
8301
8301
8305
8309
8311
8311
8314
8314
8316
8319
8320
8324
8326
8329
8331
8333
8337
8341
8341
8345
8348
8348
8349
8352
8352
8356
8358
8359
8362
8363
8363
8366
8366
8369
8372
8372
8372
8375
8379
8383
8385
8388
8389
8389
8389
8389
8392
8393
8395
8399
8402
8404
8408
8411
8413
8414
8415
8416
8420
8423
8424
8427
8428
8431
8432
8435
8437
8438
8439
8439
8441
8444
8448
8448
8448
8451
8451
8451
8455
8456
8459
8462
8464
8464
8466
8466
8470
8472
8476
8479
8480
8480
8480
8482
8485
8487
8490
8493
8497
8498
8500
8502
8503
8503
8506
8508
8511
8514
8514
8518
8522
8522
8526
8526
8527
8531
8533
8534
8535
8535
8536
8538
8540
8543
8544
8547
8548
8552
8552
8556
8558
8560
8563
8563
8563
8567
8571
8573
8574
8578
8582
8583
8584
8586
8590
8590
8590
8591
8593
8596
8600
8603
8606
8609
8610
8614
8617
8620
8621
8623
8627
8631
8632
8636
8637
8641
8641
8643
8647
8648
8652
8654
8657
8660
8664
8664
8668
8670
8672
8676
8679
8682
8684
8688
8689
8690
8694
8697
8698
8700
8704
8706
8708
8708
8708
8709
8711
8712
8714
8715
8719
8719
8719
8719
8719
8721
8723
8723
8723
8727
8727
8727
8730
8733
8735
8736
8739
8740
8744
8747
8748
8750
8752
8753
8755
8756
8760
8764
8768
8771
8772
8775
8776
8779
8782
8782
8784
8785
8785
8786
8788
8788
8790
8793
8793
8796
8796
8796
8798
8799
8799
8800
8804
8807
8808
8808
8811
8813
8817
8817
8817
8817
8818
8822
8824
8827
8830
8833
8834
8837
8840
8843
8847
8851
8854
8857
8857
8860
8862
8865
8865
8865
8867
8868
8871
8875
8875
8879
8883
8887
8887
8889
8889
8893
8897
8901
8902
8905
8909
8913
8917
8920
8923
8926
8926
8926
8928
8931
8931
8932
8933
8935
8939
8942
8946
8949
8952
8952
8954
8956
8960
8960
8962
8966
8967
8971
8972
8975
8975
8975
8976
8976
8978
8978
8981
8981
8981
8983
8983
8984
8985
8986
8986
8986
8987
8987
8990
8990
8991
8995
8996
8998
9001
9005
9007
9009
9010
9010
9010
9010
9013
9015
9017
9020
9023
9025
9029
9030
9030
9032
9032
9032
9032
9035
9038
9038
9040
9042
9043
9045
9046
9047
9047
9049
9052
9055
9056
9060
9063
9063
9066
9066
9069
9073
9074
9077
9081
9082
9086
9089
9089
9091
9092
9094
9094
9096
9098
9100
9101
9102
9102
9104
9107
9110
9112
9116
9117
9117
9121
9124
9125
9125
9126
9127
9131
9135
9135
9138
9138
9138
9142
9145
9145
9148
9148
9150
9152
9154
9157
9158
9161
9162
9162
9164
9167
9170
9173
9177
9181
9181
9183
9184
9188
9189
9189
9190
9192
9194
9197
9198
9202
9202
9205
9205
9206
9207
9211
9215
9219
9220
9223
9223
9226
9230
9232
9235
9239
9239
9240
9240
9240
9244
9246
9247
9251
9253
9256
9256
9256
9259
9263
9266
9269
9269
9269
9270
9271
9275
9277
9277
9278
9278
9282
9283
9285
9285
9289
9293
9296
9299
9301
9304
9305
9308
9311
9313
9313
9313
9313
9315
9315
9316
9320
9324
9326
9327
9329
9332
9333
9335
9337
9337
9337
9340
9341
9344
9348
9350
9350
9353
9353
9356
9360
9361
9362
9364
9365
9368
9370
9374
9377
9377
9378
9381
9382
9385
9385
9389
9389
9389
9390
9390
9394
9397
9401
9402
9405
9407
9407
9407
9408
9410
9410
9410
9411
9414
9417
9419
9420
9420
9420
9423
9425
9428
9428
9428
9432
9433
9434
9436
9438
9439
9440
9440
9442
9444
9446
9447
9448
9449
9451
9451
9452
9455
9457
9461
9465
9466
9469
9470
9474
9477
9477
9478
9479
9480
9484
9487
9487
9488
9491
9491
9491
9495
9495
9495
9498
9502
9506
9506
9509
9509
9511
9515
9517
9517
9521
9525
9529
9529
9533
9535
9537
9541
9544
9545
9547
9550
9550
9553
9555
9557
9558
9561
9564
9566
9566
9570
9572
9572
9575
9578
9579
9579
9583
9583
9584
9585
9586
9588
9589
9590
9590
9592
9594
9594
9598
9599
9600
9601
9601
9601
9605
9605
9608
9609
9612
9615
9615
9616
9617
9617
9617
9617
9618
9619
9619
9620
9620
9620
9621
9621
9624
9624
9628
9628
9632
9632
9632
9632
9636
9639
9641
9643
9645
9645
9649
9652
9652
9656
9656
9659
9660
9663
9665
9665
9669
9672
9676
9679
9682
9686
9689
9689
9689
9691
9691
9695
9695
9699
9701
9702
9705
9706
9710
9711
9714
9717
9719
9720
9723
9723
9725
9728
9728
9732
9736
9740
9743
9745
9746
9749
9752
9755
9757
9760
9760
9762
9766
9769
9772
9772
9772
9775
9779
9779
9781
9785
9788
9789
9790
9794
9794
9798
9799
9800
9801
9803
9805
9808
9811
9815
9817
9817
9821
9824
9827
9827
9830
9830
9833
9833
9836
9839
9840
9842
9844
9844
9846
9850
9853
9856
9860
9864
9867
9871
9874
9875
9875
9879
9880
9883
9885
9889
9889
9893
9894
9896
9899
9901
9902
9904
9905
9907
9910
9913
9913
9913
9917
9921
9921
9921
9922
9922
9926
9927
9928
9930
9932
9932
9932
9932
9935
9938
9940
9940
9941
9942
9943
9947
9949
9950
9950
9950
9954
9958
9960
9964
9965
9967
9970
9970
9974
9977
9977
9981
9984
9988
9989
9989
9993
9997
9997
10000
10002
10003
10005
10005
10005
10005
10005
10007
10009
10012
10016
10017
10018
10022
10026
10028
10031
10033
10037
10040
10040
10040
10042
10045
10049
10053
10056
10059
10061
10062
10063
10064
10065
10066
10069
10069
10073
10076
10079
10080
10080
10084
10088
10090
10091
10093
10097
10101
10103
10105
10105
10108
10110
10111
10111
10115
10118
10120
10124
10126
10127
10127
10129
10133
10136
10139
10143
10146
10148
10148
10152
10155
10157
10159
10161
10163
10164
10164
10166
10167
10171
10175
10175
10175
10175
10176
10176
10179
10179
10182
10182
10183
10184
10185
10185
10185
10185
10189
10190
10193
10193
10195
10197
10198
10201
10201
10203
10203
10207
10211
10213
10213
10215
10219
10219
10223
10227
10231
10231
10232
10232
10236
10236
10240
10241
10241
10243
10244
10248
10251
10251
10255
10257
10260
10261
10262
10262
10263
10263
10267
10271
10271
10272
10273
10274
10274
10278
10278
10279
10283
10286
10286
10288
10288
10292
10295
10298
10298
10300
10303
10306
10308
10310
10313
10316
10316
10316
10318
10320
10324
10327
10331
10333
10335
10338
10341
10341
10343
10345
10346
10349
10351
10352
10355
10358
10360
10363
10367
10369
10369
10370
10371
10372
10376
10380
10384
10384
10385
10388
10392
10396
10400
10403
10406
10407
10408
10409
10413
10413
10413
10417
10418
10421
10425
10425
10429
10432
10436
10438
10438
10440
10440
10440
10443
10446
10449
10451
10453
10457
10458
10461
10462
10464
10468
10469
10470
10473
10474
10474
10474
10478
10481
10485
10485
10488
10490
10491
10495
10498
10501
10503
10507
10511
10511
10511
10511
10515
10515
10515
10516
10516
10519
10521
10523
10527
10529
10532
10532
10536
10538
10541
10544
10544
10548
10549
10552
10554
10554
10557
10559
10562
10565
10569
10573
10576
10578
10582
10583
10585
10587
10591
10591
10595
10598
10600
10602
10604
10604
10605
10607
10611
10615
10618
10618
10622
10624
10626
10629
10632
10632
10632
10636
10637
10639
10640
10642
10643
10644
10644
10646
10648
10650
10650
10651
10654
10657
10658
10658
10661
10662
10666
10668
10670
10670
10673
10676
10677
10677
10677
10681
10682
10686
10688
10690
10693
10693
10697
10697
10699
10702
10706
10708
10708
10710
10711
10715
10718
10720
10723
10727
10727
10730
10731
10734
10737
10737
10741
10745
10749
10751
10753
10756
10757
10758
10761
10761
10762
10765
10766
10767
10770
10772
10772
10774
10777
10779
10779
10781
10781
10783
10785
10789
10792
10793
10797
10801
10804
10804
10804
10808
10809
10809
10811
10811
10814
10816
10820
10824
10827
10831
10835
10835
10838
10839
10840
10843
10845
10846
10850
10853
10856
10858
10858
10862
10865
10867
10871
10872
10875
10878
10879
10882
10884
10888
10888
10888
10889
10892
10893
10893
10894
10897
10899
10901
10903
10906
10907
10911
10913
10916
10917
10920
10923
10926
10928
10932
10932
10935
10937
10940
10944
10948
10950
10952
10955
10957
10957
10958
10958
10962
10965
10965
10967
10968
10969
10973
10974
10976
10977
10977
10978
10980
10981
10981
10982
10982
10986
10987
10987
10991
10994
10998
10999
10999
11003
11004
11006
11008
11012
11015
11018
11022
11026
11026
11029
11033
11036
11036
11040
11040
11041
11042
11044
11046
11049
11053
11055
11056
11057
11060
11060
11063
11065
11067
11071
11075
11078
11082
11084
11086
11087
11090
11094
11098
11100
11104
11106
11110
11114
11118
11120
11123
11127
11131
11134
11134
11138
11140
11143
11144
11148
11150
11150
11152
11156
11157
11157
11161
11164
11167
11168
11169
11171
11173
11175
11175
11179
11179
11183
11185
11185
11186
11187
11191
11194
11197
11201
11202
11205
11206
11208
11208
11212
11212
11216
11216
11218
11220
11223
11224
11224
11227
11228
11228
11231
11231
11231
11232
11233
11234
11235
11237
11240
11242
11246
11250
11250
11252
11254
11257
11260
11264
11268
11271
11275
11275
11278
11281
11281
11282
11282
11282
11282
11282
11283
11286
11287
11290
11294
11298
11302
11303
11307
11307
11308
11309
11311
11313
11316
11316
11320
11321
11325
11328
11328
11330
11333
11333
11335
11339
11343
11345
11345
11346
11347
11351
11355
11357
11361
11362
11366
11369
11371
11373
11377
11381
11381
11382
11384
11388
11388
11391
11394
11398
11402
11406
11406
11410
11414
11418
11422
11425
11425
11427
11430
11432
11435
11436
11439
11443
11443
11446
11446
11449
11451
11451
11454
11455
11455
11457
11457
11459
11463
11463
11465
11469
11469
11473
11473
11473
11477
11477
11479
11483
11486
11488
11489
11489
11489
11489
11492
11493
11496
11497
11500
11504
11504
11507
11510
11514
11515
11519
11519
11523
11526
11527
11530
11532
11535
11536
11536
11538
11542
11545
11545
11547
11550
11552
11554
11554
11554
11557
11558
11561
11563
11565
11569
11572
11576
11580
11584
11588
11588
11588
11592
11592
11594
11596
11599
11602
11606
11607
11609
11609
11610
11611
11615
11616
11618
11622
11624
11624
11625
11627
11627
11629
11630
11631
11631
11634
11638
11639
11641
11641
11643
11647
11650
11652
11652
11655
11658
11660
11662
11664
11668
11672
11672
11673
11674
11678
11679
11680
11681
11684
11685
11687
11691
11695
11698
11702
11705
11706
11707
11708
11708
11708
11712
11713
11714
11716
11717
11719
11721
11721
11725
11725
11726
11727
11728
11731
11735
11735
11739
11740
11743
11745
11749
11752
11753
11757
11759
11760
11760
11760
11763
11766
11767
11770
11771
11775
11778
11780
11780
11781
11784
11787
11790
11790
11790
11790
11794
11797
11800
11801
11801
11803
11806
11808
11812
11815
11816
11816
11820
11823
11824
11826
11826
11826
11827
11829
11830
11834
11837
11839
11842
11846
11846
11847
11850
11854
11856
11860
11864
11865
11867
11868
11870
11873
11877
11877
11881
11882
11882
11883
11885
11887
11889
11890
11890
11894
11896
11899
11900
11902
11904
11905
11905
11906
11907
11910
11914
11916
11920
11922
11925
11928
11930
11930
11931
11933
11935
11938
11942
11945
11945
11945
11948
11952
11956
11960
11963
11967
11968
11971
11974
11978
11979
11979
11983
11986
11987
11987
11988
11989
11991
11994
11997
12001
12003
12003
12005
12008
12009
12011
12012
12015
12017
12021
12025
12029
12032
12033
12035
12039
12042
12045
12049
12051
12054
12058
12060
12063
12067
12067
12069
12070
12072
12073
12077
12081
12084
12088
12090
12092
12096
12100
12101
12103
12105
12108
12111
12111
12115
12118
12118
12119
12121
12121
12124
12126
12127
12128
12132
12132
12135
12136
12139
12142
12142
12145
12148
12149
12151
12153
12155
12156
12160
12160
12161
12164
12168
12171
12174
12178
12182
12186
12190
12190
12190
12190
12190
12193
12194
12195
12199
12199
12203
12205
12207
12211
12215
12215
12219
12221
12222
12225
12226
12227
12227
12227
12227
12228
12231
12231
12235
12235
12236
12240
12242
12243
12247
12250
12252
12255
12255
12256
12258
12258
12261
12262
12262
12264
12265
12269
12270
12272
12274
12275
12276
12277
12279
12283
12287
12288
12290
12290
12294
12294
12296
12296
12298
12300
12302
12303
12307
12307
12307
12309
12311
12313
12314
12318
12318
12319
12322
12326
12326
12328
12328
12331
12334
12336
12337
12338
12342
12343
12347
12349
12350
12354
12354
12358
12362
12366
12366
12367
12369
12372
12374
12378
12381
12381
12381
12385
12385
12386
12386
12389
12390
12394
12395
12399
12400
12403
12407
12411
12415
12415
12415
12418
12418
12422
12425
12425
12426
12427
12428
12429
12430
12431
12433
12435
12439
12439
12441
12443
12446
12446
12450
12453
12456
12460
12460
12463
12467
12467
12468
12468
12472
12474
12476
12479
12480
12484
12488
12489
12493
12494
12496
12497
12497
12498
12501
12504
12504
12507
12509
12509
12513
12517
12518
12522
12524
12528
12529
12533
12537
12539
12541
12541
12542
12546
12546
12548
12552
12554
12558
12561
12565
12568
12572
12573
12576
12576
12580
12580
12580
12584
12584
12587
12588
12592
12593
12593
12596
12597
12599
12599
12602
12604
12605
12608
12609
12612
12616
12618
12620
12621
12622
12622
12623
12624
12625
12625
12629
12633
12636
12636
12640
12644
12645
12647
12648
12648
12651
12652
12653
12657
12657
12660
12664
12666
12670
12671
12675
12676
12678
12681
12683
12685
12688
12689
12693
12696
12699
12702
12704
12704
12706
12709
12712
12713
12717
12719
12721
12721
12723
12723
12725
12728
12731
12731
12735
12739
12743
12745
12746
12750
12752
12753
12756
12760
12760
12760
12763
12766
12770
12773
12776
12779
12782
12785
12789
12791
12794
12798
12801
12802
12806
12808
12812
12816
12817
12821
12822
12825
12828
12831
12833
12835
12836
12836
12840
12844
12844
12846
12849
12852
12855
12856
12860
12864
12866
12869
12873
12876
12879
12880
12884
12886
12888
12892
12895
12898
12901
12902
12903
12906
12909
12912
12915
12919
12921
12925
12928
12930
12933
12934
12938
12941
12945
12946
12950
12951
12952
12955
12957
12957
12961
12964
12965
12968
12971
12975
12978
12982
12984
12986
12989
12992
12993
12993
12993
12995
12997
12997
12999
13002
13004
13007
13008
13009
13009
13010
13014
13017
13021
13021
13024
13025
13027
13031
13032
13034
13037
13040
13041
13041
13042
13045
13047
13051
13052
13056
13056
13056
13058
13060
13060
13063
13063
13066
13069
13069
13070
13074
13076
13076
13080
13084
13086
13086
13090
13093
13093
13094
13098
13102
13103
13107
13107
13111
13111
13114
13118
13121
13122
13122
13125
13129
13132
13132
13135
13139
13139
13143
13147
13150
13150
13152
13155
13155
13155
13158
13158
13160
13161
13165
13166
13170
13172
13176
13180
13182
13186
13186
13190
13193
13194
13195
13197
13201
13204
13208
13210
13212
13212
13214
13215
13217
13221
13224
13224
13227
13230
13233
13234
13235
13237
13239
13243
13245
13249
13250
13250
13250
13250
13253
13256
13260
13264
13265
13266
13267
13267
13267
13268
13271
13272
13276
13279
13281
13284
13287
13288
13291
13291
13292
13294
13296
13298
13301
13303
13306
13308
13310
13313
13314
13316
13320
13324
13324
13324
13328
13330
13334
13334
13334
13337
13338
13342
13343
13343
13343
13347
13350
13351
13354
13356
13360
13364
13366
13369
13372
13374
13377
13379
13379
13379
13381
13384
13386
13389
13391
13393
13394
13397
13398
13399
13403
13405
13408
13408
13409
13412
13412
13415
13418
13419
13419
13423
13427
13430
13434
13435
13435
13437
13440
13441
13444
13446
13446
13449
13452
13454
13457
13460
13462
13465
13467
13469
13471
13475
13478
13481
13481
13481
13481
13481
13484
13485
13489
13492
13494
13496
13496
13500
13500
13502
13502
13504
13507
13511
13514
13515
13517
13517
13517
13520
13521
13522
13526
13529
13529
13529
13530
13533
13537
13539
13542
13544
13548
13551
13555
13556
13556
13559
13561
13562
13563
13565
13568
13570
13572
13573
13575
13578
13580
13583
13586
13588
13591
13595
13595
13596
13600
13604
13608
13611
13612
13612
13615
13619
13620
13622
13626
13630
13633
13633
13635
13637
13641
13641
13644
13646
13650
13650
13650
13653
13655
13655
13655
13656
13657
13661
13661
13662
13662
13663
13664
13664
13666
13669
13671
13675
13676
13677
13680
13681
13682
13682
13682
13682
13685
13685
13687
13688
13690
13691
13692
13692
13693
13695
13695
13699
13701
13702
13705
13709
13710
13713
13713
13717
13717
13721
13724
13727
13730
13732
13733
13735
13735
13737
13740
13743
13747
13749
13749
13750
13750
13750
13753
13753
13754
13756
13756
13756
13759
13759
13763
13764
13766
13767
13771
13771
13773
13776
13779
13780
13783
13785
13787
13788
13791
13795
13798
13799
13803
13806
13810
13812
13814
13817
13819
13819
13819
13821
13825
13827
13830
13833
13835
13838
13839
13840
13841
13842
13845
13849
13853
13855
13858
13859
13861
13863
13867
13870
13870
13874
13876
13880
13884
13885
13885
13889
13892
13896
13896
13899
13899
13901
13904
13905
13909
13912
13916
13919
13919
13922
13922
13926
13930
13931
13935
13937
13937
13938
13940
13941
13944
13945
13948
13949
13952
13955
13957
13959
13961
13962
13964
13968
13968
13969
13971
13974
13977
13981
13984
13987
13991
13995
13999
14000
14003
14004
14008
14009
14012
14013
14014
14015
14019
14020
14022
14025
14029
14032
14032
14032
14034
14038
14042
14046
14049
14053
14057
14058
14059
14061
14062
14062
14064
14064
14068
14072
14076
14078
14078
14082
14083
14084
14085
14089
14089
14091
14093
14097
14100
14103
14104
14108
14112
14115
14117
14117
14119
14121
14123
14123
14126
14129
14132
14134
14136
14140
14141
14143
14145
14148
14152
14155
14156
14159
14163
14167
14170
14173
14175
14177
14178
14179
14179
14182
14182
14186
14187
14190
14190
14190
14191
14193
14197
14198
14202
14203
14205
14206
14209
14213
14214
14218
14219
14223
14224
14227
14227
14227
14231
14235
14238
14238
14242
14243
14243
14243
14247
14250
14252
14255
14257
14257
14261
14263
14265
14269
14270
14273
14277
14278
14282
14285
14287
14287
14291
14291
14293
14293
14295
14295
14298
14299
14301
14301
14303
14307
14308
14310
14313
14314
14315
14319
14319
14322
14326
14327
14328
14329
14333
14333
14334
14337
14340
14344
14347
14347
14348
14350
14350
14351
14351
14352
14352
14356
14357
14357
14360
14361
14364
14368
14368
14368
14371
14371
14375
14379
14380
14383
14387
14389
14393
14395
14399
14401
14405
14406
14410
14414
14416
14416
14418
14420
14424
14424
14424
14427
14427
14427
14430
14432
14433
14436
14437
14439
14440
14444
14448
14450
14450
14450
14452
14453
14454
14457
14461
14464
14467
14468
14469
14470
14471
14474
14475
14478
14482
14484
14485
14485
14485
14486
14488
14488
14491
14492
14493
14495
14496
14497
14499
14501
14505
14506
14509
14510
14511
14512
14513
14516
14518
14518
14519
14522
14524
14524
14524
14525
14528
14529
14531
14532
14534
14537
14541
14544
14544
14546
14547
14548
14551
14551
14555
14557
14560
14563
14565
14565
14566
14570
14570
14572
14575
14579
14579
14580
14581
14583
14586
14587
14589
14591
14591
14592
14596
14596
14596
14599
14603
14606
14609
14612
14613
14614
14615
14617
14621
14625
14625
14626
14628
14632
14636
14637
14640
14640
14643
14647
14650
14650
14652
14655
14658
14660
14662
14664
14666
14670
14671
14673
14673
14677
14679
14683
14685
14688
14691
14694
14698
14698
14698
14700
14700
14704
14706
14707
14710
14714
14715
14718
14720
14720
14723
14727
14730
14732
14733
14737
14739
14739
14743
14745
14747
14751
14751
14755
14756
14759
14763
14765
14765
14768
14768
14772
14776
14779
14782
14784
14784
14787
14787
14789
14793
14793
14795
14798
14802
14802
14804
14805
14807
14810
14811
14812
14812
14815
14818
14820
14822
14822
14822
14822
14825
14825
14829
14830
14832
14834
14835
14839
14839
14839
14840
14842
14844
14848
14849
14849
14851
14854
14855
14855
14859
14859
14859
14859
14859
14863
14867
14867
14870
14874
14877
14880
14883
14887
14887
14891
14893
14896
14896
14898
14898
14902
14906
14907
14909
14909
14911
14915
14915
14919
14922
14923
14927
14931
14933
14936
14939
14942
14943
14946
14946
14949
14952
14956
14958
14962
14964
14968
14971
14974
14978
14982
14984
14986
14986
14987
14990
14990
14990
14990
14994
14996
15000
15001
15003
15006
15006
15008
15012
15016
15018
15019
15019
15021
15022
15025
15025
15028
15032
15036
15039
15041
15045
15047
15049
15050
15050
15050
15051
15052
15056
15056
15056
15058
15060
15060
15063
15063
15063
15063
15063
15066
15066
15070
15074
15074
15077
15077
15081
15084
15085
15087
15088
15090
15091
15095
15095
15097
15101
15101
15102
15106
15108
15111
15111
15113
15114
15115
15118
15121
15123
15127
15129
15132
15135
15135
15135
15138
15142
15146
15149
15153
15156
15160
15160
15163
15164
15166
15168
15170
15170
15170
15174
15175
15175
15175
15177
15180
15181
15182
15182
15184
15186
15186
15190
15193
15195
15197
15201
15204
15208
15210
15213
15215
15219
15221
15225
15227
15230
15234
15234
15237
15238
15238
15240
15240
15241
15245
15245
15249
15251
15251
15252
15256
15257
15261
15262
15264
15267
15267
15269
15270
15273
15276
15277
15281
15283
15286
15289
15293
15295
15297
15297
15301
15302
15302
15303
15303
15306
15306
15306
15310
15310
15314
15316
15318
15320
15320
15324
15324
15327
15330
15332
15333
15335
15338
15339
15340
15344
15346
15348
15348
15348
15348
15350
15352
15355
15359
15361
15363
15365
15368
15368
15369
15373
15373
15373
15377
15377
15379
15380
15382
15385
15385
15385
15389
15390
15390
15391
15391
15392
15395
15396
15396
15396
15400
15401
15402
15402
15405
15405
15406
15407
15408
15411
15415
15417
15421
15425
15427
15428
15428
15428
15431
15431
15431
15434
15435
15435
15438
15440
15442
15443
15444
15445
15445
15446
15449
15450
15454
15455
15456
15459
15461
15464
15464
15466
15468
15469
15473
15473
15476
15480
15483
15484
15486
15490
15491
15492
15494
15494
15496
15500
15501
15504
15507
15511
15511
15513
15514
15515
15515
15518
15522
15523
15523
15527
15528
15528
15528
15530
15534
15534
15534
15538
15542
15545
15547
15549
15552
15556
15556
15557
15560
15560
15562
15565
15567
15571
15573
15577
15577
15581
15583
15583
15584
15586
15587
15590
15594
15594
15597
15600
15604
15604
15607
15609
15610
15613
15615
15617
15619
15621
15622
15624
15628
15632
15633
15633
15633
15634
15636
15636
15636
15639
15643
15643
15645
15648
15649
15651
15655
15655
15657
15658
15660
15660
15663
15667
15667
15670
15672
15674
15678
15682
15682
15682
15683
15685
15689
15690
15692
15695
15696
15700
15704
15704
15708
15712
15712
15715
15718
15719
15723
15725
15725
15726
15727
15728
15730
15734
15735
15735
15738
15740
15744
15748
15752
15753
15757
15757
15757
15758
15758
15762
15765
15766
15769
15773
15773
15777
15780
15784
15786
15788
15791
15794
15794
15796
15800
15802
15804
15804
15804
15805
15805
15805
15807
15810
15813
15815
15817
15819
15821
15824
15825
15827
15831
15831
15833
15836
15836
15838
15840
15843
15845
15847
15850
15853
15854
15857
15857
15857
15857
15861
15864
15864
15865
15868
15870
15872
15872
15872
15873
15877
15880
15882
15885
15889
15890
15890
15891
15894
15895
15896
15896
15898
15899
15902
15903
15907
15909
15911
15914
15918
15918
15919
15920
15924
15926
15929
15931
15933
15937
15940
15941
15942
15945
15947
15947
15951
15952
15953
15954
15954
15954
15957
15959
15961
15962
15966
15966
15968
15968
15971
15971
15975
15975
15977
15978
15978
15978
15982
15983
15985
15988
15990
15991
15991
15992
15993
15996
15999
15999
16001
16001
16002
16004
16008
16011
16014
16017
16019
16021
16025
16026
16030
16030
16030
16031
16032
16034
16037
16037
16041
16041
16044
16046
16048
16052
16053
16053
16057
16060
16064
16068
16068
16068
16069
16073
16077
16078
16078
16080
16083
16087
16089
16091
16093
16097
16097
16101
16105
16107
16108
16111
16112
16112
16115
16117
16121
16124
16128
16132
16132
16134
16135
16138
16142
16145
16145
16149
16150
16152
16153
16155
16156
16156
16159
16161
16161
16162
16163
16165
16166
16169
16172
16173
16174
16178
16181
16184
16188
16190
16191
16192
16196
16197
16201
16205
16208
16212
16216
16219
16219
16222
16224
16228
16232
16235
16235
16237
16237
16239
16243
16246
16246
16246
16249
16252
16254
16256
16258
16260
16261
16264
16267
16270
16273
16275
16279
16282
16283
16287
16291
16292
16292
16296
16299
16299
16300
16301
16302
16303
16307
16309
16310
16311
16311
16314
16315
16318
16319
16323
16327
16327
16329
16330
16330
16333
16333
16333
16337
16337
16339
16341
16342
16345
16347
16351
16353
16356
16359
16359
16361
16361
16363
16367
16370
16371
16373
16376
16378
16380
16384
16385
16385
16388
16392
16393
16394
16398
16402
16404
16405
16408
16408
16412
16415
16417
16421
16423
16425
16427
16428
16428
16428
16431
16432
16433
16434
16434
16436
16440
16441
16442
16445
16449
16451
16453
16454
16455
16459
16460
16462
16462
16463
16466
16470
16473
16475
16475
16479
16480
16482
16482
16485
16487
16490
16494
16497
16500
16502
16503
16506
16510
16510
16511
16514
16516
16520
16522
16523
16524
16524
16526
16526
16529
16531
16533
16537
16541
16544
16547
16547
16548
16548
16549
16551
16551
16553
16556
16558
16561
16561
16565
16569
16573
16577
16581
16581
16582
16583
16587
16590
16593
16596
16599
16599
16599
16602
16606
16606
16606
16608
16609
16613
16616
16616
16616
16616
16617
16621
16625
16629
16633
16635
16635
16639
16640
16643
16644
16646
16649
16652
16652
16652
16652
16656
16657
16658
16661
16665
16666
16669
16670
16674
16674
16676
16679
16680
16682
16686
16687
16691
16691
16695
16699
16699
16700
16702
16705
16708
16711
16715
16715
16719
16719
16723
16725
16725
16725
16725
16728
16729
16733
16737
16737
16741
16745
16749
16751
16754
16757
16758
16760
16760
16761
16762
16763
16763
16764
16765
16765
16767
16769
16769
16773
16774
16774
16776
16776
16776
16776
16777
16781
16784
16787
16788
16792
16793
16795
16799
16799
16800
16804
16806
16806
16808
16808
16809
16809
16812
16812
16814
16814
16818
16820
16821
16821
16821
16825
16828
16830
16834
16837
16840
16841
16841
16844
16847
16851
16853
16855
16859
16862
16865
16868
16871
16871
16871
16873
16876
16876
16880
16882
16885
16888
16889
16892
16896
16898
16899
16902
16904
16904
16907
16910
16912
16912
16916
16916
16917
16918
16919
16919
16923
16925
16927
16929
16930
16933
16937
16937
16937
16937
16940
16941
16941
16943
16945
16948
16949
16950
16952
16956
16958
16960
16962
16965
16968
16969
16972
16973
16974
16975
16979
16983
16984
16984
16984
16985
16985
16989
16992
16994
16996
16996
16997
16998
16999
16999
17001
17002
17002
17004
17004
17006
17006
17009
17010
17012
17014
17017
17020
17024
17026
17027
17031
17032
17032
17036
17037
17037
17040
17040
17043
17045
17049
17052
17056
17057
17059
17060
17060
17064
17068
17070
17072
17072
17074
17074
17076
17077
17081
17081
17083
17087
17091
17091
17092
17094
17098
17100
17101
17105
17109
17113
17116
17118
17119
17121
17122
17126
17130
17132
17136
17139
17139
17142
17146
17149
17151
17151
17151
17153
17157
17160
17161
17162
17163
17167
17169
17171
17172
17174
17174
17175
17175
17179
17183
17185
17189
17191
17195
17195
17196
17199
17201
17202
17202
17203
17206
17208
17212
17214
17214
17218
17220
17221
17225
17226
17226
17226
17230
17231
17231
17235
17235
17239
17242
17245
17245
17246
17247
17247
17251
17255
17258
17260
17263
17265
17267
17268
17270
17274
17278
17280
17282
17286
17286
17286
17289
17290
17292
17295
17297
17301
17304
17306
17308
17311
17313
17317
17320
17321
17321
17324
17324
17324
17326
17330
17330
17334
17337
17340
17344
17348
17350
17354
17358
17361
17363
17363
17367
17367
17368
17371
17372
17374
17375
17376
17380
17383
17383
17385
17387
17391
17393
17397
17397
17397
17401
17402
17405
17407
17411
17411
17415
17419
17423
17425
17427
17428
17431
17435
17437
17438
17438
17440
17443
17444
17448
17452
17452
17452
17456
17457
17458
17458
17460
17462
17462
17466
17466
17467
17467
17469
17469
17472
17476
17477
17477
17480
17481
17485
17488
17490
17492
17496
17500
17504
17505
17506
17508
17508
17508
17510
17511
17511
17511
17515
17516
17518
17520
17520
17523
17525
17525
17529
17532
17536
17540
17541
17542
17545
17547
17547
17550
17554
17555
17555
17556
17557
17561
17564
17567
17569
17571
17571
17573
17577
17577
17581
17584
17587
17589
17592
17595
17596
17598
17601
17602
17603
17606
17608
17610
17610
17611
17614
17614
17614
17618
17618
17621
17621
17625
17628
17629
17629
17630
17633
17637
17639
17640
17643
17646
17650
17652
17654
17658
17660
17664
17665
17669
17669
17669
17671
17673
17675
17677
17678
17678
17682
17686
17689
17693
17697
17700
17704
17704
17706
17706
17708
17709
17713
17713
17716
17720
17723
17724
17726
17726
17726
17727
17727
17731
17734
17738
17738
17738
17741
17743
17743
17745
17748
17749
17753
17754
17754
17758
17762
17764
17764
17768
17772
17773
17777
17779
17779
17783
17787
17791
17795
17796
17800
17801
17802
17803
17804
17804
17808
17810
17812
17813
17815
17819
17819
17820
17822
17826
17828
17830
17834
17834
17836
17836
17839
17842
17844
17846
17847
17847
17849
17852
17854
17857
17861
17861
17864
17868
17868
17871
17875
17876
17878
17879
17883
17883
17885
17887
17891
17892
17892
17895
17896
17900
17901
17903
17904
17907
17909
17911
17913
17915
17916
17918
17920
17920
17923
17927
17928
17930
17934
17935
17936
17938
17939
17941
17941
17942
17942
17945
17947
17949
17953
17953
17953
17954
17958
17960
17962
17963
17963
17965
17967
17970
17970
17971
17971
17975
17978
17982
17986
17986
17988
17990
17992
17995
17998
18002
18005
18005
18008
18012
18014
18015
18016
18019
18022
18023
18026
18030
18032
18035
18036
18039
18039
18043
18043
18043
18045
18049
18053
18056
18056
18058
18061
18062
18065
18069
18073
18076
18078
18080
18080
18080
18081
18084
18086
18090
18092
18093
18094
18097
18101
18104
18105
18109
18111
18113
18115
18116
18118
18120
18123
18124
18125
18125
18126
18127
18130
18131
18132
18133
18133
18134
18134
18134
18135
18137
18141
18141
18145
18147
18150
18151
18155
18155
18159
18160
18161
18165
18168
18170
18174
18177
18179
18179
18180
18184
18188
18189
18190
18192
18196
18197
18198
18199
18200
18203
18205
18205
18209
18211
18213
18213
18216
18217
18217
18221
18222
18224
18227
18227
18230
18232
18233
18233
18236
18238
18240
18243
18247
18248
18252
18255
18259
18262
18264
18268
18272
18275
18278
18278
18282
18282
18283
18283
18286
18289
18290
18293
18297
18300
18303
18306
18309
18309
18310
18310
18311
18312
18312
18315
18316
18320
18322
18326
18328
18328
18328
18331
18334
18334
18336
18338
18339
18340
18344
18344
18348
18349
18350
18353
18354
18354
18358
18361
18361
18362
18364
18367
18368
18369
18371
18371
18374
18377
18377
18378
18380
18383
18386
18388
18391
18391
18393
18394
18396
18396
18400
18401
18403
18406
18406
18410
18412
18414
18414
18416
18417
18418
18422
18423
18425
18427
18429
18432
18433
18436
18437
18438
18438
18440
18442
18445
18446
18450
18452
18455
18456
18457
18457
18461
18463
18465
18465
18465
18468
18468
18469
18470
18472
18472
18475
18476
18480
18480
18481
18481
18482
18484
18485
18485
18487
18488
18489
18491
18495
18495
18496
18497
18499
18501
18504
18508
18512
18514
18516
18516
18519
18522
18523
18525
18525
18528
18528
18530
18534
18535
18536
18538
18538
18541
18544
18545
18548
18549
18553
18553
18556
18560
18563
18567
18571
18575
18579
18581
18584
18587
18587
18591
18591
18591
18592
18593
18593
18596
18596
18599
18600
18602
18602
18602
18604
18605
18605
18607
18610
18613
18616
18617
18621
18625
18629
18632
18633
18635
18636
18638
18642
18644
18646
18650
18650
18654
18658
18660
18663
18667
18669
18671
18673
18675
18679
18682
18685
18687
18691
18693
18693
18694
18695
18695
18696
18698
18701
18702
18704
18704
18705
18707
18708
18710
18711
18714
18717
18718
18722
18726
18730
18733
18735
18739
18743
18743
18743
18747
18748
18749
18751
18751
18753
18757
18757
18761
18765
18767
18767
18769
18769
18769
18770
18774
18777
18778
18779
18782
18786
18789
18793
18796
18800
18804
18805
18805
18809
18811
18811
18811
18812
18812
18815
18817
18821
18825
18827
18828
18829
18832
18834
18837
18838
18842
18846
18847
18851
18854
18858
18861
18861
18864
18867
18867
18870
18873
18874
18874
18874
18878
18880
18884
18885
18887
18889
18889
18891
18895
18898
18898
18900
18900
18903
18906
18910
18910
18912
18914
18917
18919
18919
18922
18923
18924
18928
18928
18932
18932
18935
18939
18939
18940
18943
18943
18944
18947
18951
18951
18952
18956
18960
18964
18967
18967
18967
18971
18974
18978
18978
18980
18982
18985
18989
18992
18996
19000
19000
19001
19002
19006
19010
19010
19010
19014
19017
19020
19024
19027
19031
19031
19034
19037
19040
19040
19041
19041
19043
19047
19050
19053
19055
19056
19060
19060
19061
19061
19064
19065
19068
19072
19072
19072
19072
19074
19075
19077
19077
19078
19080
19081
19082
19084
19084
19087
19087
19091
19095
19099
19101
19103
19105
19108
19110
19112
19115
19116
19120
19121
19124
19127
19128
19129
19131
19134
19135
19135
19138
19140
19140
19141
19145
19147
19150
19154
19157
19160
19160
19161
19162
19162
19166
19167
19170
19170
19172
19174
19178
19180
19180
19180
19181
19181
19184
19186
19187
19191
19193
19196
19200
19203
19205
19208
19212
19215
19215
19219
19219
19219
19219
19220
19221
19225
19226
19226
19230
19230
19230
19230
19231
19231
19233
19235
19235
19238
19238
19242
19242
19244
19246
19246
19250
19253
19255
19255
19258
19259
19261
19265
19269
19269
19272
19274
19275
19277
19279
19283
19284
19288
19291
19295
19299
19301
19305
19305
19306
19308
19312
19312
19313
19313
19315
19316
19320
19324
19328
19332
19334
19338
19340
19343
19345
19348
19351
19355
19357
19357
19361
19362
19365
19367
19368
19369
19370
19374
19377
19379
19379
19382
19385
19386
19389
19391
19394
19395
19396
19397
19399
19401
19401
19402
19405
19409
19409
19410
19412
19413
19417
19419
19422
19426
19428
19431
19432
19436
19437
19440
19444
19446
19447
19449
19449
19452
19455
19458
19458
19461
19461
19462
19465
19465
19468
19468
19472
19475
19476
19477
19480
19481
19481
19484
19484
19486
19488
19490
19491
19495
19497
19500
19503
19504
19505
19508
19509
19513
19514
19517
19521
19525
19529
19529
19533
19534
19535
19535
19539
19542
19545
19546
19548
19552
19555
19555
19558
19558
19561
19565
19569
19569
19570
19570
19572
19575
19577
19580
19584
19586
19588
19589
19593
19595
19595
19599
19599
19599
19601
19603
19603
19606
19608
19612
19612
19613
19617
19618
19618
19621
19621
19624
19626
19628
19630
19634
19636
19636
19637
19638
19638
19640
19641
19643
19645
19647
19647
19647
19650
19653
19653
19654
19655
19659
19663
19664
19665
19668
19669
19670
19671
19672
19675
19678
19682
19684
19684
19685
19685
19689
19689
19690
19693
19696
19696
19697
19699
19701
19701
19701
19701
19701
19703
19703
19707
19707
19710
19710
19710
19713
19715
19715
19715
19718
19719
19721
19721
19725
19728
19731
19735
19737
19740
19742
19743
19744
19747
19749
19750
19754
19755
19758
19760
19760
19762
19766
19767
19770
19774
19775
19778
19782
19785
19787
19789
19791
19795
19795
19797
19801
19803
19807
19809
19812
19814
19815
19819
19819
19822
19824
19825
19827
19830
19830
19832
19834
19834
19835
19836
19836
19839
19839
19843
19843
19845
19848
19848
19851
19851
19852
19853
19857
19861
19862
19866
19868
19868
19868
19869
19872
19872
19875
19877
19877
19881
19883
19883
19884
19887
19887
19891
19892
19894
19898
19902
19903
19904
19906
19907
19908
19908
19912
19914
19918
19921
19923
19927
19927
19928
19930
19930
19932
19934
19935
19935
19936
19940
19943
19945
19945
19947
19947
19950
19950
19953
19954
19954
19958
19962
19966
19968
19971
19971
19971
19975
19977
19978
19980
19981
19981
19982
19982
19986
19990
19991
19993
19993
19995
19997
19997
19998
20000
